X                      Y                      U                     U*                 U* - U
0                      0   5.90405214940099e-49                      1                      1
2                      0                     16                     17                      1
4                      0                    256                    257                      1
6                      0                   1296                   1297                      1
0                      1                      1                      2                      1
2                      1       174.496828752643                     18       156.496828752643
4                      1       231.224101479915                    258       26.7758985200845
6                      1                   1297                   1298                      1
0                      2                     16                     17                      1
2                      2                     32                     33                      1
4                      2                    272                    273                      1
6                      2                   1312                   1313                      1

 ||U-U*|| / ||U*|| = 6.897857910026754e-02
X                      Y                      U                     U*                 U* - U
0.000000000000000e+00  0.000000000000000e+00  1.000000000000000e+00  4.000000000000000e+00  3.000000000000000e+00
2.000000000000000e+00  0.000000000000000e+00  1.700000000000000e+01  2.000000000000000e+01  3.000000000000000e+00
4.000000000000000e+00  0.000000000000000e+00  2.570000000000000e+02  2.600000000000000e+02  3.000000000000000e+00
6.000000000000000e+00  0.000000000000000e+00  1.297000000000000e+03  1.300000000000000e+03  3.000000000000000e+00
0.000000000000000e+00  1.000000000000000e+00  2.000000000000000e+00  5.000000000000000e+00  3.000000000000000e+00
2.000000000000000e+00  1.000000000000000e+00  1.746596194503171e+02  2.100000000000000e+01  1.536596194503171e+02
4.000000000000000e+00  1.000000000000000e+00  2.313868921775899e+02  2.610000000000000e+02  2.961310782241006e+01
6.000000000000000e+00  1.000000000000000e+00  1.298000000000000e+03  1.301000000000000e+03  3.000000000000000e+00
0.000000000000000e+00  2.000000000000000e+00  1.700000000000000e+01  2.000000000000000e+01  3.000000000000000e+00
2.000000000000000e+00  2.000000000000000e+00  3.300000000000000e+01  3.600000000000000e+01  3.000000000000000e+00
4.000000000000000e+00  2.000000000000000e+00  2.730000000000000e+02  2.760000000000000e+02  3.000000000000000e+00
6.000000000000000e+00  2.000000000000000e+00  1.313000000000000e+03  1.316000000000000e+03  3.000000000000000e+00

 ||U-U*|| / ||U*|| = 6.791333824551408e-02
X                      Y                      U                     U*                 U* - U
0.000000000000000e+00  0.000000000000000e+00  4.000000000000000e+00  9.000000000000000e+00  5.000000000000000e+00
2.000000000000000e+00  0.000000000000000e+00  2.000000000000000e+01  2.500000000000000e+01  5.000000000000000e+00
4.000000000000000e+00  0.000000000000000e+00  2.600000000000000e+02  2.650000000000000e+02  5.000000000000000e+00
6.000000000000000e+00  0.000000000000000e+00  1.300000000000000e+03  1.305000000000000e+03  5.000000000000000e+00
0.000000000000000e+00  1.000000000000000e+00  5.000000000000000e+00  1.000000000000000e+01  5.000000000000000e+00
2.000000000000000e+00  1.000000000000000e+00  1.768224101479915e+02  2.600000000000000e+01  1.508224101479915e+02
4.000000000000000e+00  1.000000000000000e+00  2.335496828752643e+02  2.660000000000000e+02  3.245031712473568e+01
6.000000000000000e+00  1.000000000000000e+00  1.301000000000000e+03  1.306000000000000e+03  5.000000000000000e+00
0.000000000000000e+00  2.000000000000000e+00  2.000000000000000e+01  2.500000000000000e+01  5.000000000000000e+00
2.000000000000000e+00  2.000000000000000e+00  3.600000000000000e+01  4.100000000000000e+01  5.000000000000000e+00
4.000000000000000e+00  2.000000000000000e+00  2.760000000000000e+02  2.810000000000000e+02  5.000000000000000e+00
6.000000000000000e+00  2.000000000000000e+00  1.316000000000000e+03  1.321000000000000e+03  5.000000000000000e+00

 ||U-U*|| / ||U*|| = 6.687655469681954e-02
X                      Y                      U                     U*                 U* - U
0.000000000000000e+00  0.000000000000000e+00  9.000000000000000e+00  1.600000000000000e+01  7.000000000000000e+00
2.000000000000000e+00  0.000000000000000e+00  2.500000000000000e+01  3.200000000000000e+01  7.000000000000000e+00
4.000000000000000e+00  0.000000000000000e+00  2.650000000000000e+02  2.720000000000000e+02  7.000000000000000e+00
6.000000000000000e+00  0.000000000000000e+00  1.305000000000000e+03  1.312000000000000e+03  7.000000000000000e+00
0.000000000000000e+00  1.000000000000000e+00  1.000000000000000e+01  1.700000000000000e+01  7.000000000000000e+00
2.000000000000000e+00  1.000000000000000e+00  1.814038054968288e+02  3.300000000000000e+01  1.484038054968288e+02
4.000000000000000e+00  1.000000000000000e+00  2.381310782241015e+02  2.730000000000000e+02  3.486892177589846e+01
6.000000000000000e+00  1.000000000000000e+00  1.306000000000000e+03  1.313000000000000e+03  7.000000000000000e+00
0.000000000000000e+00  2.000000000000000e+00  2.500000000000000e+01  3.200000000000000e+01  7.000000000000000e+00
2.000000000000000e+00  2.000000000000000e+00  4.100000000000000e+01  4.800000000000000e+01  7.000000000000000e+00
4.000000000000000e+00  2.000000000000000e+00  2.810000000000000e+02  2.880000000000000e+02  7.000000000000000e+00
6.000000000000000e+00  2.000000000000000e+00  1.321000000000000e+03  1.328000000000000e+03  7.000000000000000e+00

 ||U-U*|| / ||U*|| = 6.600733583924480e-02
